7
A 0 9999 9999 9999 9999 10 9999
B 9999 0 16 9999 9999 9999 15
C 9999 16 0 12 9999 9999 9999
D 9999 9999 12 0 22 9999 9999
E 9999 9999 9999 22 0 27 9999
F 10 9999 9999 9999 27 0 9999
G 9999 15 9999 9999 9999 9999 0